[LEFT_CAM_2K]
fx=1066.5
fy=1066.98
cx=1086.11
cy=609.736
k1=-0.0538111
k2=0.0255988
p1=5.81597e-05
p2=-0.000453786
k3=-0.00971802

[RIGHT_CAM_2K]
fx=1065.72
fy=1066.11
cx=1110.2
cy=622.148
k1=-0.0531113
k2=0.0251762
p1=0.000169659
p2=3.1518e-05
k3=-0.00977131

[LEFT_CAM_FHD]
fx=1066.5
fy=1066.98
cx=942.11
cy=528.736
k1=-0.0538111
k2=0.0255988
p1=5.81597e-05
p2=-0.000453786
k3=-0.00971802

[RIGHT_CAM_FHD]
fx=1065.72
fy=1066.11
cx=966.2
cy=541.148
k1=-0.0531113
k2=0.0251762
p1=0.000169659
p2=3.1518e-05
k3=-0.00977131

[LEFT_CAM_HD]
fx=533.25
fy=533.49
cx=629.555
cy=352.868
k1=-0.0538111
k2=0.0255988
p1=5.81597e-05
p2=-0.000453786
k3=-0.00971802

[RIGHT_CAM_HD]
fx=532.86
fy=533.055
cx=641.6
cy=359.074
k1=-0.0531113
k2=0.0251762
p1=0.000169659
p2=3.1518e-05
k3=-0.00977131

[LEFT_CAM_DS]
fx=366.61
fy=366.77
cx=448.69
cy=254.89
k1=-0.0538111
k2=0.0255988
p1=5.81597e-05
p2=-0.000453786
k3=-0.00971802

[RIGHT_CAM_DS]
fx=366.34
fy=366.47
cx=441.44
cy=252.23
k1=-0.0531113
k2=0.0251762
p1=0.000169659
p2=3.1518e-05
k3=-0.00977131

[LEFT_CAM_VGA]
fx=266.625
fy=266.745
cx=330.2775
cy=183.934
k1=-0.0538111
k2=0.0255988
p1=5.81597e-05
p2=-0.000453786
k3=-0.00971802

[RIGHT_CAM_VGA]
fx=266.43
fy=266.5275
cx=336.3
cy=187.037
k1=-0.0531113
k2=0.0251762
p1=0.000169659
p2=3.1518e-05
k3=-0.00977131

[LEFT_DISTO]
k1=-0.950234
k2=2.23263
k3=0.153284
k4=-0.85061
k5=2.08627
k6=0.312182
p1=2.87008e-05
p2=-0.000367897

[RIGHT_DISTO]
k1=-1.31103
k2=3.31035
k3=-0.0196996
k4=-1.21822
k5=3.17144
k6=0.163992
p1=0.000136031
p2=-0.00022012

[STEREO]
Baseline=119.896
TY=0.0957113
TZ=-0.0566111
CV_2K=7.46662e-05
CV_FHD=7.46662e-05
CV_HD=7.46662e-05
CV_DS=7.46662e-05
CV_VGA=7.46662e-05
RX_2K=0.00113282
RX_FHD=0.00113282
RX_HD=0.00113282
RX_DS=0.00113282
RX_VGA=0.00113282
RZ_2K=-0.000935598
RZ_FHD=-0.000935598
RZ_HD=-0.000935598
RZ_DS=-0.000935598
RZ_VGA=-0.000935598